0.022658824920654297 1 0 0.3328819274902344 2 231
0.4704747200012207 3 231 0.5132248401641846 4 231
0.5550174713134766 5 231 0.6112430095672607 6 292
0.645932674407959 7 302 0.6656391620635986 8 318
0.6861164569854736 9 318 0.7061038017272949 10 318
0.7265846729278564 11 318 0.7463922500610352 12 318
0.7668635845184326 13 318 0.7880964279174805 14 318
0.8076505661010742 15 318 0.8269846439361572 16 318
0.8466057777404785 17 318 0.867199182510376 18 318
0.887580394744873 19 318 0.9084498882293701 20 318
0.9287319183349609 21 318 0.9489364624023438 22 318
0.9684646129608154 23 318 0.9893019199371338 24 318
1.0100963115692139 25 318 1.0305650234222412 26 318
1.049900770187378 27 318 1.0711357593536377 28 318
1.0906007289886475 29 318 1.1113502979278564 30 318
1.1349918842315674 31 318 1.1551196575164795 32 318
1.1750869750976562 33 318 1.1951184272766113 34 318
1.21486234664917 35 318 1.2350335121154785 36 318
1.2550280094146729 37 318 1.2747528553009033 38 318
1.2943804264068604 39 318 1.3139474391937256 40 318
1.3339176177978516 41 318 1.354607343673706 42 318
1.3749723434448242 43 318 1.3959753513336182 44 318
1.4159438610076904 45 318 1.4368882179260254 46 318
1.4569025039672852 47 318 1.476679801940918 48 318
1.4978985786437988 49 318 1.517660140991211 50 318
1.5372812747955322 51 318 1.5570628643035889 52 318
1.5766310691833496 53 318 1.6001837253570557 54 318
1.620100975036621 55 318 1.6399359703063965 56 318
1.659881353378296 57 319 1.6798396110534668 58 327
1.6995718479156494 59 327 1.7196085453033447 60 327
1.7389068603515625 61 327 1.7586495876312256 62 327
1.7784574031829834 63 327 1.798621654510498 64 327
1.8207602500915527 65 327 1.8413159847259521 66 327
1.8607394695281982 67 327 1.8804030418395996 68 327
1.9010951519012451 69 327 1.9231257438659668 70 327
1.9447977542877197 71 327 1.964815616607666 72 327
1.984555721282959 73 327 2.01373028755188 74 327
2.0349926948547363 75 327 2.0549378395080566 76 327
2.075263738632202 77 327 2.0959651470184326 78 327
2.1160402297973633 79 327 2.139012098312378 80 327
2.1590688228607178 81 327 2.17891263961792 82 327
2.199507713317871 83 327 2.2192881107330322 84 327
2.239292621612549 85 327 2.25931453704834 86 327
2.279374122619629 87 327 2.2996103763580322 88 327
2.3204433917999268 89 327 2.339808464050293 90 327
2.3601925373077393 91 327 2.380190849304199 92 327
2.400975465774536 93 327 2.421894073486328 94 327
2.442800521850586 95 327 2.4631187915802 96 327
2.483670949935913 97 327 2.505303382873535 98 327
2.525691032409668 99 327 2.546759843826294 100 327
2.5667641162872314 101 327 2.587498664855957 102 327
2.6076509952545166 103 327 2.628185272216797 104 331
2.6480751037597656 105 331 2.6681811809539795 106 331
2.6879444122314453 107 331 2.7079598903656006 108 331
2.727707624435425 109 331 2.748502731323242 110 331
2.7683768272399902 111 331 2.788242816925049 112 331
2.8081181049346924 113 331 2.8290915489196777 114 331
2.849214553833008 115 331 2.8700456619262695 116 331
2.891813039779663 117 331 2.9112138748168945 118 331
2.9310314655303955 119 331 2.9509923458099365 120 331
2.9709603786468506 121 331 2.991954803466797 122 331
3.0124738216400146 123 331 3.0341429710388184 124 331
3.054056167602539 125 331 3.0745091438293457 126 331
3.094419479370117 127 331 3.1140217781066895 128 331
3.1396524906158447 129 331 3.160433530807495 130 331
3.1810595989227295 131 331 3.201183319091797 132 331
3.221330165863037 133 331 3.241931915283203 134 331
3.263150691986084 135 331 3.2830517292022705 136 331
3.304469108581543 137 331 3.3243978023529053 138 331
3.344291925430298 139 331 3.36487078666687 140 331
3.3849000930786133 141 331 3.4049839973449707 142 331
3.4254369735717773 143 331 3.4472157955169678 144 331
3.4698784351348877 145 331 3.490985631942749 146 331
3.512394905090332 147 335 3.5326507091522217 148 335
3.55316424369812 149 338 3.57328200340271 150 363
3.5935189723968506 151 368 3.6135871410369873 152 372
3.634186029434204 153 374 3.656122922897339 154 374
3.675612449645996 155 374 3.6955394744873047 156 374
3.7156102657318115 157 374 3.7360267639160156 158 374
3.755998373031616 159 374 3.7759077548980713 160 374
3.796607255935669 161 374 3.8171615600585938 162 374
3.8388121128082275 163 374 3.8591463565826416 164 374
3.8789336681365967 165 374 3.898714065551758 166 374
3.9189741611480713 167 374 3.940560817718506 168 374
3.960362434387207 169 374 3.9802095890045166 170 374
4.001590728759766 171 374 4.0214972496032715 172 374
4.041093826293945 173 374 4.061649322509766 174 374
4.0831458568573 175 374 4.102673530578613 176 374
4.124868869781494 177 374 4.144932270050049 178 374
4.164299249649048 179 374 4.184993028640747 180 374
4.204636812210083 181 374 4.224480628967285 182 374
4.245485305786133 183 374 4.2654078006744385 184 374
4.285383224487305 185 374 4.305257081985474 186 374
4.325324058532715 187 374 4.345430612564087 188 374
4.3671770095825195 189 414 4.388279438018799 190 414
4.408490896224976 191 425 4.428678750991821 192 425
4.450560569763184 193 425 4.471278190612793 194 428
4.4924798011779785 195 428 4.513436555862427 196 428
4.533165454864502 197 428 4.5528950691223145 198 428
4.57281756401062 199 428 4.592595100402832 200 428
4.61251974105835 201 428 4.632616996765137 202 428
4.652343988418579 203 428 4.6738762855529785 204 428
4.693475723266602 205 428 4.71324610710144 206 428
4.733030319213867 207 428 4.753150701522827 208 428
4.772997617721558 209 428 4.792715787887573 210 428
4.812510251998901 211 428 4.832421541213989 212 428
4.853060960769653 213 428 4.874563694000244 214 428
4.89606237411499 215 428 4.916311264038086 216 428
4.936442852020264 217 428 4.956438064575195 218 428
4.9772210121154785 219 428 4.999125957489014 220 428
5.0201170444488525 221 428 5.040580987930298 222 428
5.061504125595093 223 428 5.081883668899536 224 428
5.102807998657227 225 428 5.126002788543701 226 428
5.147718906402588 227 428 5.1685802936553955 228 428
5.188924789428711 229 428 5.208791494369507 230 428
5.229780912399292 231 428 5.249345064163208 232 428
5.27021336555481 233 428 5.2913548946380615 234 440
5.313736438751221 235 465 5.334473133087158 236 465
5.354431390762329 237 465 5.374472618103027 238 465
5.395142316818237 239 465 5.4160826206207275 240 465
5.4372100830078125 241 465 5.458050489425659 242 465
5.479073524475098 243 465 5.501046419143677 244 465
5.5210676193237305 245 465 5.541795969009399 246 465
5.562655210494995 247 465 5.58255410194397 248 465
5.60219407081604 249 465 5.621821880340576 250 465
5.641705751419067 251 465 5.661956787109375 252 465
5.682386875152588 253 465 5.703183889389038 254 465
5.723114967346191 255 465 5.743319272994995 256 465
5.764080286026001 257 465 5.783311128616333 258 465
5.803625106811523 259 465 5.823838710784912 260 465
5.8464720249176025 261 465 5.867001533508301 262 465
5.8888843059539795 263 465 5.908994436264038 264 465
5.929221868515015 265 465 5.951575040817261 266 465
5.971991062164307 267 465 5.992495536804199 268 465
6.013936758041382 269 465 6.03373908996582 270 465
6.054258584976196 271 465 6.074569463729858 272 483
6.095261096954346 273 486 6.117440938949585 274 486
6.138766050338745 275 486 6.159127712249756 276 486
6.180598974227905 277 486 6.200758934020996 278 486
6.220773220062256 279 486 6.240623712539673 280 486
6.260796070098877 281 486 6.280782461166382 282 490
6.302052021026611 283 490 6.3220438957214355 284 490
6.34253454208374 285 490 6.362665891647339 286 490
6.383153676986694 287 490 6.4031877517700195 288 490
6.423511028289795 289 490 6.445224046707153 290 490
6.464944362640381 291 490 6.485768556594849 292 490
6.508224725723267 293 490 6.528818607330322 294 490
6.54883074760437 295 490 6.568921804428101 296 490
6.589059829711914 297 490 6.6093926429748535 298 490
6.629727363586426 299 490 6.649898290634155 300 490
6.669516324996948 301 490 6.690126895904541 302 490
6.711575508117676 303 490 6.732068300247192 304 490
6.75242018699646 305 490 6.772288084030151 306 490
6.7927000522613525 307 490 6.8128135204315186 308 490
6.8327720165252686 309 490 6.852804660797119 310 490
6.873626232147217 311 490 6.893666744232178 312 490
6.914564371109009 313 498 6.943813323974609 314 504
6.964507579803467 315 504 6.985405683517456 316 504
7.006804943084717 317 504 7.027164697647095 318 504
7.04712986946106 319 504 7.067350387573242 320 504
7.086977243423462 321 504 7.107640266418457 322 504
7.130620956420898 323 504 7.151859998703003 324 504
7.172117471694946 325 504 7.192173957824707 326 504
7.212965488433838 327 504 7.232450246810913 328 504
7.252437114715576 329 504 7.272728204727173 330 504
7.293348550796509 331 517 7.314076900482178 332 530
7.335693597793579 333 532 7.356186151504517 334 532
7.376973628997803 335 532 7.397791385650635 336 532
7.418927907943726 337 532 7.439562797546387 338 532
7.460458755493164 339 532 7.480107545852661 340 532
7.502588510513306 341 532 7.524353742599487 342 532
7.545357704162598 343 532 7.56476354598999 344 532
7.585020542144775 345 532 7.604564189910889 346 532
7.624779939651489 347 532 7.645583391189575 348 532
7.665655136108398 349 532 7.6853814125061035 350 532
7.7052857875823975 351 532 7.726607799530029 352 532
7.7467262744903564 353 532 7.767318248748779 354 532
7.78715443611145 355 532 7.80787992477417 356 532
7.827940225601196 357 532 7.8491456508636475 358 532
7.87119722366333 359 532 7.891199827194214 360 532
7.911519527435303 361 532 7.933163642883301 362 532
7.953085422515869 363 532 7.976369142532349 364 532
7.997446060180664 365 532 8.018121719360352 366 532
8.037826538085938 367 532 8.059116125106812 368 544
8.079000234603882 369 551 8.098873853683472 370 551
8.120914697647095 371 551 8.144096612930298 372 551
8.16465973854065 373 551 8.184740781784058 374 551
8.204874992370605 375 551 8.224801778793335 376 551
8.244451999664307 377 551 8.264984369277954 378 551
8.285044193267822 379 562 8.305358171463013 380 562
8.325363636016846 381 562 8.346694946289062 382 562
8.366822481155396 383 562 8.386789560317993 384 562
8.407627820968628 385 562 8.42768406867981 386 562
8.44885540008545 387 562 8.469237565994263 388 562
8.48898196220398 389 562 8.51102900505066 390 562
8.531359672546387 391 562 8.552525281906128 392 562
8.572482109069824 393 562 8.592399835586548 394 562
8.612478971481323 395 562 8.632687091827393 396 562
8.653252124786377 397 562 8.672942876815796 398 562
8.692708492279053 399 562 8.712624549865723 400 562
8.732640027999878 401 562 8.753263711929321 402 562
8.773384094238281 403 562 8.793266534805298 404 562
8.812934398651123 405 563 8.833186864852905 406 568
8.854105710983276 407 568 8.874905347824097 408 577
8.89502739906311 409 589 8.915171384811401 410 598
8.936360836029053 411 605 8.957220792770386 412 605
8.976955652236938 413 605 8.998825788497925 414 605
9.01955270767212 415 605 9.040584564208984 416 605
9.061100959777832 417 605 9.0821373462677 418 605
9.10211968421936 419 605 9.124742031097412 420 605
9.145589590072632 421 605 9.165379285812378 422 605
9.185536623001099 423 605 9.205397129058838 424 605
9.225334882736206 425 605 9.245461702346802 426 605
9.265377521514893 427 605 9.28504467010498 428 605
9.305152416229248 429 605 9.325217962265015 430 607
9.345069885253906 431 607 9.366087436676025 432 607
9.386758089065552 433 607 9.40675973892212 434 607
9.427062511444092 435 607 9.448304414749146 436 607
9.468961238861084 437 607 9.48885202407837 438 607
9.510488271713257 439 607 9.530391931533813 440 607
9.55120301246643 441 607 9.57147216796875 442 607
9.591647148132324 443 607 9.611196041107178 444 607
9.631215810775757 445 607 9.651069641113281 446 607
9.671205520629883 447 607 9.69187045097351 448 607
9.711663722991943 449 607 9.73169493675232 450 628
9.751617670059204 451 635 9.771604061126709 452 635
9.792095184326172 453 635 9.812150478363037 454 635
9.832016229629517 455 635 9.852661609649658 456 635
9.874330520629883 457 635 9.894779920578003 458 635
9.915243864059448 459 635 9.935636520385742 460 635
9.95519232749939 461 635 9.9763503074646 462 635
