0.019620895385742188 1 0 0.41013026237487793 2 351
0.43093204498291016 3 351 0.4513397216796875 4 351
0.4730532169342041 5 351 0.4930903911590576 6 351
0.5124964714050293 7 351 0.5326275825500488 8 351
0.5538730621337891 9 351 0.5752866268157959 10 351
0.5958311557769775 11 351 0.6168184280395508 12 351
0.6373946666717529 13 351 0.6581215858459473 14 351
0.6785025596618652 15 351 0.6986839771270752 16 351
0.7186822891235352 17 351 0.7387230396270752 18 351
0.758284330368042 19 351 0.7775890827178955 20 351
0.7972586154937744 21 351 0.8181531429290771 22 351
0.8390231132507324 23 351 0.8587040901184082 24 351
0.8792579174041748 25 351 0.8997998237609863 26 351
0.9197578430175781 27 351 0.9396946430206299 28 351
0.9607498645782471 29 351 0.9807591438293457 30 351
1.001025915145874 31 351 1.0209698677062988 32 351
1.0420868396759033 33 351 1.0619854927062988 34 351
1.0845630168914795 35 351 1.104351282119751 36 351
1.124399185180664 37 351 1.1462604999542236 38 351
1.1659972667694092 39 351 1.186119794845581 40 351
1.2069735527038574 41 351 1.2270660400390625 42 351
1.2468442916870117 43 351 1.2695012092590332 44 351
1.289515733718872 45 351 1.3095052242279053 46 351
1.3288776874542236 47 351 1.3496911525726318 48 352
1.3696274757385254 49 352 1.3907382488250732 50 352
1.4116387367248535 51 352 1.4328045845031738 52 352
1.4529645442962646 53 359 1.4744796752929688 54 359
1.4946315288543701 55 359 1.5149085521697998 56 391
1.5344417095184326 57 394 1.5549678802490234 58 394
1.5749847888946533 59 394 1.5957517623901367 60 394
1.6159546375274658 61 394 1.6368041038513184 62 394
1.656749963760376 63 394 1.676649808883667 64 394
1.6966466903686523 65 394 1.7161650657653809 66 394
1.735583782196045 67 394 1.755676507949829 68 394
1.7755117416381836 69 394 1.7954063415527344 70 394
1.816349983215332 71 394 1.8364851474761963 72 394
1.8571021556854248 73 394 1.8771672248840332 74 394
1.8981621265411377 75 394 1.917893886566162 76 394
1.937662124633789 77 394 1.968592643737793 78 394
1.987821102142334 79 394 2.008575439453125 80 394
2.028801918029785 81 394 2.0486514568328857 82 394
2.068180561065674 83 419 2.0903170108795166 84 421
2.110975742340088 85 421 2.1310384273529053 86 421
2.15246844291687 87 421 2.1718218326568604 88 421
2.1925137042999268 89 421 2.2127039432525635 90 421
2.233691453933716 91 421 2.255449056625366 92 421
2.274951696395874 93 423 2.2956013679504395 94 423
2.3155035972595215 95 423 2.3353021144866943 96 423
2.355330467224121 97 423 2.3768792152404785 98 426
2.3981831073760986 99 426 2.4193336963653564 100 426
2.4399518966674805 101 426 2.461134195327759 102 426
2.4821510314941406 103 426 2.502617597579956 104 426
2.522916555404663 105 426 2.5440216064453125 106 426
2.5644419193267822 107 426 2.5845346450805664 108 426
2.6043202877044678 109 435 2.624140501022339 110 435
2.64508056640625 111 435 2.6649091243743896 112 435
2.6859724521636963 113 435 2.7060089111328125 114 435
2.7255868911743164 115 435 2.7457594871520996 116 435
2.765836477279663 117 435 2.7859675884246826 118 435
2.8060319423675537 119 435 2.8261220455169678 120 435
2.8467509746551514 121 435 2.86690354347229 122 435
2.886892080307007 123 435 2.906641721725464 124 435
2.926417350769043 125 435 2.946392059326172 126 435
2.967559814453125 127 435 2.988240957260132 128 435
3.008361577987671 129 435 3.0285329818725586 130 435
3.0485997200012207 131 435 3.0708789825439453 132 435
3.0925745964050293 133 435 3.1121912002563477 134 435
3.1342320442199707 135 435 3.1571543216705322 136 435
3.1777682304382324 137 435 3.197580337524414 138 435
3.2179512977600098 139 435 3.2380316257476807 140 435
3.2585201263427734 141 435 3.2805488109588623 142 435
3.3016715049743652 143 435 3.3215601444244385 144 435
3.3414571285247803 145 435 3.3614985942840576 146 435
3.3815488815307617 147 435 3.4024064540863037 148 435
3.4235479831695557 149 435 3.4438929557800293 150 435
3.4652206897735596 151 435 3.4858059883117676 152 435
3.505714178085327 153 435 3.5262343883514404 154 435
3.54601788520813 155 435 3.56567645072937 156 435
3.5863430500030518 157 435 3.606158494949341 158 435
3.6262192726135254 159 435 3.646186351776123 160 435
3.6671078205108643 161 435 3.6877853870391846 162 435
3.7085232734680176 163 435 3.7281508445739746 164 435
3.748436689376831 165 435 3.768112897872925 166 435
3.7880163192749023 167 435 3.8077008724212646 168 435
3.827587366104126 169 435 3.8471410274505615 170 435
3.8680500984191895 171 435 3.8987889289855957 172 435
3.9188854694366455 173 435 3.9385859966278076 174 435
3.9611542224884033 175 435 3.981084108352661 176 435
4.001683950424194 177 435 4.022507190704346 178 435
4.042606353759766 179 435 4.063211679458618 180 435
4.086812257766724 181 435 4.107882499694824 182 435
4.128169536590576 183 435 4.148622035980225 184 435
4.169246435165405 185 435 4.190252065658569 186 435
4.211200952529907 187 435 4.231601715087891 188 435
4.251431941986084 189 435 4.272323369979858 190 435
4.291883945465088 191 435 4.312315225601196 192 435
4.3321990966796875 193 435 4.353877067565918 194 435
4.374429941177368 195 435 4.393978118896484 196 435
4.415622711181641 197 435 4.436030149459839 198 435
4.457651376724243 199 435 4.481730222702026 200 435
4.502717971801758 201 435 4.522761821746826 202 435
4.542970180511475 203 435 4.563692808151245 204 435
4.584295988082886 205 435 4.604545593261719 206 435
4.624752998352051 207 435 4.646012544631958 208 435
4.666409015655518 209 435 4.687565326690674 210 435
4.7080864906311035 211 435 4.728294372558594 212 435
4.748293876647949 213 435 4.768151521682739 214 435
4.788071632385254 215 435 4.808112144470215 216 435
4.828636884689331 217 435 4.849577188491821 218 435
4.870206117630005 219 435 4.890640735626221 220 435
4.910573244094849 221 435 4.930602550506592 222 435
4.952188014984131 223 435 4.9729905128479 224 435
4.9934046268463135 225 435 5.013437747955322 226 435
5.033818244934082 227 435 5.0537285804748535 228 435
5.076451301574707 229 435 5.0981316566467285 230 435
5.118489980697632 231 435 5.139095783233643 232 435
5.1610307693481445 233 435 5.181701898574829 234 435
5.201520919799805 235 435 5.222178936004639 236 435
5.241688013076782 237 435 5.2622575759887695 238 435
5.282474756240845 239 435 5.30561637878418 240 435
5.3258888721466064 241 435 5.346566200256348 242 435
5.367629528045654 243 435 5.388301134109497 244 435
5.410035133361816 245 435 5.4305503368377686 246 435
5.452057600021362 247 435 5.472564220428467 248 435
5.4934821128845215 249 435 5.5150017738342285 250 435
5.534563302993774 251 435 5.555182933807373 252 435
5.575693607330322 253 435 5.596227169036865 254 435
5.616529703140259 255 435 5.637363910675049 256 435
5.658127307891846 257 435 5.6782777309417725 258 435
5.699208498001099 259 435 5.720541477203369 260 435
5.740883827209473 261 435 5.761368274688721 262 435
5.782160520553589 263 435 5.802654981613159 264 435
5.8228676319122314 265 435 5.842721700668335 266 435
5.862859010696411 267 435 5.883204221725464 268 435
5.904394865036011 269 435 5.924312591552734 270 435
5.944700479507446 271 435 5.966549873352051 272 435
5.987770318984985 273 435 6.007838487625122 274 435
6.02806282043457 275 435 6.0483081340789795 276 435
6.070291757583618 277 435 6.0916054248809814 278 435
6.112905502319336 279 435 6.133440256118774 280 435
6.154018402099609 281 435 6.174075365066528 282 435
6.195203065872192 283 435 6.215310096740723 284 435
6.236541271209717 285 435 6.256414890289307 286 435
6.276536703109741 287 435 6.296776533126831 288 435
6.316784381866455 289 435 6.3379223346710205 290 435
6.357895612716675 291 435 6.378949880599976 292 435
6.399792909622192 293 435 6.421351909637451 294 435
6.442038059234619 295 435 6.462597370147705 296 435
6.483983278274536 297 435 6.504886865615845 298 435
6.526104688644409 299 435 6.546220779418945 300 435
6.566712856292725 301 435 6.587476015090942 302 435
6.607081651687622 303 435 6.627710580825806 304 435
6.648333311080933 305 435 6.668556451797485 306 435
6.6889564990997314 307 435 6.710232496261597 308 435
6.730330467224121 309 435 6.750993251800537 310 435
6.77106499671936 311 435 6.791034698486328 312 435
6.811155557632446 313 435 6.832364320755005 314 435
6.852186918258667 315 435 6.872149705886841 316 435
6.892584800720215 317 435 6.912915229797363 318 435
6.934428930282593 319 435 6.95699667930603 320 435
6.978093147277832 321 435 6.998105049133301 322 435
7.019231796264648 323 435 7.039722204208374 324 435
7.060435771942139 325 435 7.08424973487854 326 435
7.105458974838257 327 435 7.126354932785034 328 435
7.1477954387664795 329 435 7.1687140464782715 330 435
7.1918394565582275 331 435 7.212402105331421 332 435
7.232336521148682 333 435 7.254770278930664 334 435
7.277179002761841 335 435 7.29765248298645 336 435
7.320005655288696 337 435 7.341071367263794 338 435
7.361416578292847 339 435 7.38300085067749 340 435
7.405031442642212 341 435 7.426872491836548 342 435
7.4487574100494385 343 435 7.469836711883545 344 435
7.4901628494262695 345 435 7.51089334487915 346 435
7.532041549682617 347 435 7.5524983406066895 348 435
7.5724287033081055 349 435 7.592936992645264 350 435
7.614116191864014 351 435 7.633909463882446 352 435
7.654733896255493 353 435 7.674828052520752 354 435
7.695095777511597 355 435 7.71607232093811 356 435
7.7369561195373535 357 435 7.758205413818359 358 435
7.779319763183594 359 435 7.799192428588867 360 435
7.820485353469849 361 435 7.84144926071167 362 435
7.861494302749634 363 435 7.882083415985107 364 435
7.902039527893066 365 435 7.9228174686431885 366 435
7.945059537887573 367 435 7.967067718505859 368 435
7.988276243209839 369 435 8.009107112884521 370 435
8.031208515167236 371 435 8.05160117149353 372 435
8.07488226890564 373 435 8.096789121627808 374 435
8.117725610733032 375 435 8.14033818244934 376 435
8.160946369171143 377 435 8.18088984489441 378 435
8.201966762542725 379 435 8.22199535369873 380 435
8.243015050888062 381 435 8.263707160949707 382 435
8.284661531448364 383 435 8.304658889770508 384 435
8.325157165527344 385 435 8.346423149108887 386 435
8.367966413497925 387 435 8.388487339019775 388 435
8.4102144241333 389 435 8.431459426879883 390 435
8.452893018722534 391 435 8.474240064620972 392 435
8.495050191879272 393 435 8.514557123184204 394 435
8.535948276519775 395 435 8.556951999664307 396 435
8.577569723129272 397 435 8.598060607910156 398 435
8.61769151687622 399 435 8.638161659240723 400 435
8.657727718353271 401 435 8.679209470748901 402 435
8.69986343383789 403 435 8.720721244812012 404 435
8.74149465560913 405 435 8.761883020401001 406 435
8.782211065292358 407 435 8.802639722824097 408 435
8.823537349700928 409 435 8.844046831130981 410 435
8.864333391189575 411 435 8.88443660736084 412 435
8.905691146850586 413 435 8.926551342010498 414 435
8.946746349334717 415 435 8.968366146087646 416 435
8.990039348602295 417 435 9.010411739349365 418 435
9.030590295791626 419 435 9.050915956497192 420 435
9.073922157287598 421 435 9.094993114471436 422 435
9.115037679672241 423 435 9.134904623031616 424 435
9.156275987625122 425 435 9.176854610443115 426 435
9.200963020324707 427 435 9.221165657043457 428 435
9.242146730422974 429 435 9.263561964035034 430 435
9.284129619598389 431 435 9.304771661758423 432 435
9.326207160949707 433 435 9.347679853439331 434 435
9.367746829986572 435 435 9.389934301376343 436 435
9.411064386367798 437 435 9.432126522064209 438 435
9.453973293304443 439 435 9.475294589996338 440 435
9.495769262313843 441 435 9.516640901565552 442 435
9.53651738166809 443 435 9.558113813400269 444 435
9.57944655418396 445 435 9.60067081451416 446 435
9.620168447494507 447 435 9.640307664871216 448 435
9.660512685775757 449 435 9.68058443069458 450 435
9.701878786087036 451 435 9.721944808959961 452 435
9.742362022399902 453 435 9.762783527374268 454 435
9.783637762069702 455 435 9.804823160171509 456 435
9.826054334640503 457 435 9.845733404159546 458 435
9.865894317626953 459 435 9.886169910430908 460 435
9.907505512237549 461 435 9.92822003364563 462 435
9.948863744735718 463 435 9.970670461654663 464 435
