0.022397994995117188 1 0b 0 0
0.3824472427368164 2 632926b 419 0
0.431896448135376 3 645038b 427 0
0.4522559642791748 4 629898b 417 0
0.47216033935546875 5 611730b 405 0
0.4953043460845947 6 596590b 395 0
0.5154252052307129 7 576908b 382 0
0.5357761383056641 8 561768b 372 0
0.5566291809082031 9 542086b 359 0
0.5765173435211182 10 528460b 350 0
0.5969746112823486 11 510292b 338 0
0.6169331073760986 12 496666b 329 0
0.6368157863616943 13 514834b 341 0
0.6591241359710693 14 487582b 323 0
0.6796116828918457 15 464872b 308 0
0.7000038623809814 16 440648b 292 0
0.7200343608856201 17 417938b 277 0
0.741584300994873 18 399770b 265 0
0.7633945941925049 19 375546b 249 0
0.7848529815673828 20 352836b 234 0
0.8046026229858398 21 330126b 219 0
0.8255214691162109 22 307416b 204 0
0.8457589149475098 23 284706b 189 0
0.8664028644561768 24 261996b 174 0
0.886605978012085 25 239286b 159 0
0.9071333408355713 26 215062b 143 0
0.9276838302612305 27 192352b 128 0
0.9479560852050781 28 193961b 130 0
0.9995152950286865 29 253Kb 173 0
1.0569276809692383 30 254521b 170 0
1.1117441654205322 31 245437b 164 0
1.1617767810821533 32 277231b 185 0
1.2200782299041748 33 271072b 180 0
1.2645180225372314 34 269558b 179 0
1.327209711074829 35 255932b 170 0
1.3805720806121826 36 242372b 162 0
1.4262957572937012 37 395286b 263 0
1.446528673171997 38 396800b 264 0
1.4671008586883545 39 395286b 263 0
1.4872865676879883 40 395286b 263 0
1.5077636241912842 41 396800b 264 0
1.527855634689331 42 399762b 265 0
1.547886610031128 43 401276b 266 0
1.5695338249206543 44 401276b 266 0
1.589597463607788 45 399762b 265 0
1.6105451583862305 46 401276b 266 0
1.6311664581298828 47 398182b 263 0
1.6506972312927246 48 378500b 250 0
1.6737322807312012 49 355790b 235 0
1.6939218044281006 50 333080b 220 0
1.7138941287994385 51 310370b 205 0
1.7339649200439453 52 287660b 190 0
1.7549176216125488 53 267978b 177 0
1.7762665748596191 54 284632b 188 0
1.7962839603424072 55 261922b 173 0
1.8166658878326416 56 258894b 171 0
1.8372564315795898 57 257380b 170 0
1.857055425643921 58 258894b 171 0
1.877241611480713 59 251324b 166 0
1.897803544998169 60 286146b 189 0
1.917564868927002 61 317940b 210 0
1.9380650520324707 62 293716b 194 0
1.9584054946899414 63 271006b 179 0
1.978687047958374 64 271006b 179 0
1.998887300491333 65 264950b 175 0
2.0188260078430176 66 257380b 170 0
2.0387163162231445 67 298258b 197 0
2.0668699741363525 68 333080b 220 0
2.086866617202759 69 361846b 239 0
2.1065688133239746 70 358818b 237 0
2.1262686252593994 71 352762b 233 0
2.1474666595458984 72 346706b 229 0
2.169198513031006 73 342164b 226 0
2.1898417472839355 74 339136b 224 0
2.2106873989105225 75 337622b 223 0
2.2313640117645264 76 337622b 223 0
2.252256155014038 77 337622b 223 0
2.273263931274414 78 333080b 220 0
2.293607234954834 79 327024b 216 0
2.313438892364502 80 322482b 213 0
2.333937406539917 81 317940b 210 0
2.353867292404175 82 313398b 207 0
2.376890182495117 83 307342b 203 0
2.3981375694274902 84 304314b 201 0
2.4193601608276367 85 299772b 198 0
2.4401957988739014 86 299772b 198 0
2.4601945877075195 87 301286b 199 0
2.480259895324707 88 299772b 198 0
2.5040066242218018 89 299772b 198 0
2.5240817070007324 90 295230b 195 0
2.54404354095459 91 272520b 180 0
2.564143657684326 92 277062b 183 0
2.583984136581421 93 278576b 184 0
2.6051621437072754 94 277062b 183 0
2.6255650520324707 95 277062b 183 0
2.6460444927215576 96 278576b 184 0
2.667438268661499 97 277062b 183 0
2.6886932849884033 98 274034b 181 0
2.708817481994629 99 261922b 173 0
2.7306618690490723 100 249810b 165 0
2.7534878253936768 101 237698b 157 0
2.7750182151794434 102 264950b 175 0
2.796717643737793 103 267978b 177 0
2.817507743835449 104 255866b 169 0
2.838787078857422 105 242240b 160 0
2.8591630458831787 106 230128b 152 0
2.8789844512939453 107 219530b 145 0
2.899993658065796 108 208932b 138 0
2.9202027320861816 109 201362b 133 0
2.9411678314208984 110 237698b 157 0
2.961773633956909 111 269492b 178 0
2.9816551208496094 112 264950b 175 0
3.003091335296631 113 260408b 172 0
3.02329683303833 114 257380b 170 0
3.0442140102386475 115 287660b 190 0
3.064636707305908 116 323996b 214 0
3.085615396499634 117 360332b 238 0
3.1065189838409424 118 357304b 236 0
3.127863883972168 119 352762b 233 0
3.1481547355651855 120 348220b 230 0
3.168147325515747 121 343678b 227 0
3.1883385181427 122 340650b 225 0
3.2089779376983643 123 339136b 224 0
3.2292842864990234 124 339136b 224 0
3.252162218093872 125 334594b 221 0
3.2737538814544678 126 330052b 218 0
3.2938644886016846 127 325510b 215 0
3.313412666320801 128 320968b 212 0
3.3337948322296143 129 309Kb 209 0
3.354218006134033 130 311884b 206 0
3.3741307258605957 131 305828b 202 0
3.3949785232543945 132 302800b 200 0
3.415860414505005 133 296744b 196 0
3.436701774597168 134 298258b 197 0
3.457437753677368 135 298258b 197 0
3.4785828590393066 136 296744b 196 0
3.498872995376587 137 298258b 197 0
3.519007444381714 138 284632b 188 0
3.5387496948242188 139 274034b 181 0
3.5592472553253174 140 274034b 181 0
3.5805442333221436 141 275548b 182 0
3.599914789199829 142 275548b 182 0
3.621181011199951 143 275548b 182 0
3.6413028240203857 144 274034b 181 0
3.6616148948669434 145 275548b 182 0
3.6842639446258545 146 271006b 179 0
3.7056469917297363 147 260408b 172 0
3.726081132888794 148 249810b 165 0
3.745453119277954 149 236184b 156 0
3.767486333847046 150 252838b 167 0
3.7884669303894043 151 267978b 177 0
3.8094518184661865 152 255866b 169 0
3.8302087783813477 153 245268b 162 0
3.8514418601989746 154 233156b 154 0
3.8712267875671387 155 222558b 147 0
3.892364025115967 156 208932b 138 0
3.912748336791992 157 199848b 132 0
3.9329981803894043 158 230128b 152 0
3.9528958797454834 159 264950b 175 0
3.973757743835449 160 267978b 177 0
3.9934661388397217 161 263436b 174 0
4.014414310455322 162 257380b 170 0
4.034948825836182 163 284632b 188 0
4.054795980453491 164 319454b 211 0
4.075640916824341 165 352762b 233 0
4.095756530761719 166 360332b 238 0
4.116282224655151 167 355790b 235 0
4.136047840118408 168 351248b 232 0
4.155747413635254 169 345192b 228 0
4.178852319717407 170 342164b 226 0
4.198594808578491 171 337622b 223 0
4.219127178192139 172 337622b 223 0
4.240111827850342 173 339136b 224 0
4.262065649032593 174 331566b 219 0
4.2829859256744385 175 325510b 215 0
4.304261207580566 176 320968b 212 0
4.324667692184448 177 317940b 210 0
4.345181226730347 178 311884b 206 0
4.365914583206177 179 305828b 202 0
4.386608362197876 180 302800b 200 0
4.406704425811768 181 298258b 197 0
4.428350210189819 182 298258b 197 0
4.4488914012908936 183 298258b 197 0
4.469296216964722 184 296744b 196 0
4.489635229110718 185 298258b 197 0
4.51285982131958 186 284632b 188 0
4.532829761505127 187 274034b 181 0
4.552386283874512 188 274034b 181 0
4.573107719421387 189 275548b 182 0
4.593711853027344 190 274034b 181 0
4.613923788070679 191 275548b 182 0
4.634707927703857 192 274034b 181 0
4.654949426651001 193 275548b 182 0
4.678010702133179 194 274034b 181 0
4.698529481887817 195 260408b 172 0
4.7183732986450195 196 248296b 164 0
4.738001108169556 197 237698b 157 0
4.759222984313965 198 241Kb 163 0
4.780531883239746 199 269492b 178 0
4.801697731018066 200 257380b 170 0
4.822572708129883 201 245268b 162 0
4.843274116516113 202 233156b 154 0
4.863358974456787 203 222558b 147 0
4.883741617202759 204 207Kb 140 0
4.904461145401001 205 198334b 131 0
4.9246604442596436 206 224072b 148 0
4.945073127746582 207 257380b 170 0
4.965402841567993 208 267978b 177 0
4.9958717823028564 209 261922b 173 0
5.016152620315552 210 257380b 170 0
5.037142753601074 211 283118b 187 0
5.0579750537872314 212 309Kb 209 0
5.078710317611694 213 351248b 232 0
5.098788261413574 214 360332b 238 0
5.1188554763793945 215 354276b 234 0
5.1388325691223145 216 349734b 231 0
5.15911865234375 217 345192b 228 0
5.180231332778931 218 342164b 226 0
5.200144529342651 219 339136b 224 0
5.2201220989227295 220 339136b 224 0
5.241809129714966 221 337622b 223 0
5.263833045959473 222 330052b 218 0
5.284733057022095 223 325510b 215 0
5.304888010025024 224 320968b 212 0
5.324854850769043 225 317940b 210 0
5.345804691314697 226 313398b 207 0
5.36567234992981 227 307342b 203 0
5.3864665031433105 228 301286b 199 0
5.407280206680298 229 298258b 197 0
5.428058862686157 230 298258b 197 0
5.448805809020996 231 298258b 197 0
5.469656467437744 232 298258b 197 0
5.489979267120361 233 295230b 195 0
5.510289192199707 234 284632b 188 0
5.530362367630005 235 274034b 181 0
5.55059289932251 236 274034b 181 0
5.5706095695495605 237 275548b 182 0
5.591993808746338 238 275548b 182 0
5.61205792427063 239 274034b 181 0
5.632214546203613 240 275548b 182 0
5.6542067527771 241 275548b 182 0
5.67687201499939 242 274034b 181 0
5.6968607902526855 243 260408b 172 0
5.716707229614258 244 248296b 164 0
5.737118244171143 245 237698b 157 0
5.757758140563965 246 248296b 164 0
5.779784679412842 247 269492b 178 0
5.800655364990234 248 257380b 170 0
5.8210132122039795 249 241Kb 163 0
5.841519355773926 250 234670b 155 0
5.861826181411743 251 224072b 148 0
5.88240647315979 252 213474b 141 0
5.902493715286255 253 199848b 132 0
5.923050403594971 254 221044b 146 0
5.943687915802002 255 257380b 170 0
5.964825868606567 256 267978b 177 0
5.98560643196106 257 261922b 173 0
6.005262613296509 258 257380b 170 0
6.026262283325195 259 274034b 181 0
6.046656370162964 260 310370b 205 0
6.066837787628174 261 343678b 227 0
6.086834192276001 262 360332b 238 0
6.107677459716797 263 355790b 235 0
6.127934694290161 264 352762b 233 0
6.147732496261597 265 348220b 230 0
6.168417692184448 266 340650b 225 0
6.1916868686676025 267 337622b 223 0
6.212766647338867 268 339136b 224 0
6.233246803283691 269 339136b 224 0
6.255231142044067 270 331566b 219 0
6.276758193969727 271 325510b 215 0
6.297836542129517 272 322482b 213 0
6.318353652954102 273 309Kb 209 0
6.3390116691589355 274 313398b 207 0
6.359426498413086 275 307342b 203 0
6.381039381027222 276 302800b 200 0
6.403315544128418 277 296744b 196 0
6.425304889678955 278 296744b 196 0
6.445305109024048 279 298258b 197 0
6.465596437454224 280 296744b 196 0
6.487373352050781 281 296744b 196 0
6.507887125015259 282 284632b 188 0
6.530773162841797 283 272520b 180 0
6.552243709564209 284 274034b 181 0
6.572839975357056 285 274034b 181 0
6.593369722366333 286 275548b 182 0
6.613940477371216 287 275548b 182 0
6.6338934898376465 288 274034b 181 0
6.6556432247161865 289 275548b 182 0
6.6789116859436035 290 271006b 179 0
6.698837518692017 291 257380b 170 0
6.719671249389648 292 241Kb 163 0
6.7399797439575195 293 234670b 155 0
6.761660099029541 294 255866b 169 0
6.78302788734436 295 266464b 176 0
6.803044319152832 296 254352b 168 0
6.824511528015137 297 242240b 160 0
6.8443262577056885 298 231642b 153 0
6.865589618682861 299 221044b 146 0
6.886411428451538 300 208932b 138 0
6.906816482543945 301 198334b 131 0
6.926938772201538 302 233156b 154 0
6.948141574859619 303 266464b 176 0
6.968315601348877 304 267978b 177 0
6.988382577896118 305 263436b 174 0
7.008392333984375 306 258894b 171 0
7.029271125793457 307 280090b 185 0
7.049358129501343 308 314912b 208 0
7.069330215454102 309 352762b 233 0
7.090788125991821 310 358818b 237 0
7.111675024032593 311 355790b 235 0
7.131819725036621 312 351248b 232 0
7.152454137802124 313 345192b 228 0
7.172351121902466 314 339136b 224 0
7.192749500274658 315 339136b 224 0
7.213709354400635 316 339136b 224 0
7.234269857406616 317 336108b 222 0
7.256246566772461 318 328538b 217 0
7.277294874191284 319 325510b 215 0
7.297510385513306 320 320968b 212 0
7.3181304931640625 321 314912b 208 0
7.338473081588745 322 310370b 205 0
7.358698129653931 323 307342b 203 0
7.3788535594940186 324 301286b 199 0
7.40056848526001 325 301286b 199 0
7.4223105907440186 326 299772b 198 0
7.443108797073364 327 301286b 199 0
7.464207410812378 328 301286b 199 0
7.485381603240967 329 293716b 194 0
7.505763292312622 330 275Kb 186 0
7.526845932006836 331 277062b 183 0
7.5469770431518555 332 277062b 183 0
7.567736864089966 333 278576b 184 0
7.587908744812012 334 278576b 184 0
7.608364582061768 335 277062b 183 0
7.628483057022095 336 277062b 183 0
7.648411512374878 337 278576b 184 0
7.671374320983887 338 277062b 183 0
7.692150831222534 339 278576b 184 0
7.712764024734497 340 269492b 178 0
7.732994794845581 341 261922b 173 0
7.755198001861572 342 298258b 197 0
7.776394367218018 343 302800b 200 0
7.796590805053711 344 301286b 199 0
7.8173887729644775 345 301286b 199 0
7.837750196456909 346 301286b 199 0
7.858058452606201 347 302800b 200 0
7.878963232040405 348 302800b 200 0
7.8999412059783936 349 302800b 200 0
7.9211907386779785 350 301286b 199 0
7.9414520263671875 351 314912b 208 0
7.96207070350647 352 323996b 214 0
7.982779502868652 353 317940b 210 0
8.003665208816528 354 311884b 206 0
8.02501106262207 355 311884b 206 0
8.04530668258667 356 311884b 206 0
8.065934658050537 357 311884b 206 0
8.08675217628479 358 311884b 206 0
8.107238292694092 359 310370b 205 0
8.129923582077026 360 310370b 205 0
8.15001130104065 361 310370b 205 0
8.170754432678223 362 310370b 205 0
8.192350387573242 363 308856b 204 0
8.215015411376953 364 304314b 201 0
8.235525608062744 365 304314b 201 0
8.256700277328491 366 304314b 201 0
8.278846979141235 367 304314b 201 0
8.300285816192627 368 304314b 201 0
8.321943759918213 369 304314b 201 0
8.34275221824646 370 304314b 201 0
8.3634033203125 371 304314b 201 0
8.383977890014648 372 302800b 200 0
8.405667304992676 373 302800b 200 0
8.42713975906372 374 299772b 198 0
8.44800591468811 375 292202b 193 0
8.468234539031982 376 286146b 189 0
8.48964786529541 377 280090b 185 0
8.511179685592651 378 277062b 183 0
8.532741785049438 379 275548b 182 0
8.556001424789429 380 274034b 181 0
8.577587127685547 381 261922b 173 0
8.598417043685913 382 254352b 168 0
8.61857795715332 383 243754b 161 0
8.638827085494995 384 236184b 156 0
8.660895347595215 385 225586b 149 0
8.682095289230347 386 207Kb 140 0
8.702564716339111 387 227100b 150 0
8.723723649978638 388 234670b 155 0
8.74461317062378 389 234670b 155 0
8.766975402832031 390 237698b 157 0
8.787719488143921 391 237698b 157 0
8.808642387390137 392 260408b 172 0
8.82939624786377 393 286146b 189 0
8.850188732147217 394 304314b 201 0
8.870323896408081 395 333080b 220 0
8.891148567199707 396 331566b 219 0
8.911930799484253 397 328538b 217 0
8.932259559631348 398 334594b 221 0
8.952700853347778 399 343678b 227 0
8.973737239837646 400 343678b 227 0
8.994862079620361 401 345192b 228 0
9.014872074127197 402 337622b 223 0
9.036062955856323 403 334594b 221 0
9.05705189704895 404 328538b 217 0
9.07747507095337 405 323996b 214 0
9.09780478477478 406 322482b 213 0
9.119289636611938 407 317940b 210 0
9.139751434326172 408 314912b 208 0
9.160359859466553 409 308856b 204 0
9.181138515472412 410 308856b 204 0
9.20232892036438 411 308856b 204 0
9.222975730895996 412 305828b 202 0
9.244157314300537 413 301286b 199 0
9.266822338104248 414 301286b 199 0
9.288100004196167 415 289174b 191 0
9.308748483657837 416 286146b 189 0
9.32989764213562 417 287660b 190 0
9.350531101226807 418 286146b 189 0
9.370523452758789 419 287660b 190 0
9.39223313331604 420 286146b 189 0
9.413329362869263 421 286146b 189 0
9.433903694152832 422 286146b 189 0
9.454029083251953 423 287660b 190 0
9.474928855895996 424 286146b 189 0
9.496964931488037 425 287660b 190 0
9.518187761306763 426 287660b 190 0
9.538116693496704 427 295230b 195 0
9.55882978439331 428 308856b 204 0
9.579099655151367 429 310370b 205 0
9.600865840911865 430 308856b 204 0
9.621301412582397 431 308856b 204 0
9.641210794448853 432 310370b 205 0
9.66432237625122 433 308856b 204 0
9.685349464416504 434 310370b 205 0
9.706624269485474 435 310370b 205 0
9.726433753967285 436 308856b 204 0
9.748075008392334 437 302800b 200 0
9.769509077072144 438 296744b 196 0
9.790205478668213 439 292202b 193 0
9.810855865478516 440 289174b 191 0
9.832117557525635 441 289174b 191 0
9.852555990219116 442 289174b 191 0
9.872774600982666 443 289174b 191 0
9.893594026565552 444 289174b 191 0
9.913376331329346 445 290688b 192 0
9.935375690460205 446 290688b 192 0
9.95621943473816 447 290688b 192 0
9.976245641708374 448 289174b 191 0
9.996564388275146 449 289174b 191 0
