0.018090486526489258 1 0
0.2876920700073242 2 131
0.43557000160217285 3 131
0.4864325523376465 4 131
0.5298817157745361 5 131
0.5825963020324707 6 195
0.6260206699371338 7 231
0.6467463970184326 8 231
0.6668210029602051 9 231
0.6868686676025391 10 231
0.7067537307739258 11 231
0.7271294593811035 12 231
0.747887372970581 13 231
0.7720720767974854 14 231
0.7937331199645996 15 231
0.8146390914916992 16 231
0.8345820903778076 17 231
0.8547921180725098 18 231
0.87473464012146 19 231
0.8947722911834717 20 231
0.9142336845397949 21 231
0.9337399005889893 22 231
0.964447021484375 23 231
1.0185768604278564 24 231
1.073362112045288 25 231
1.1166980266571045 26 231
1.157501459121704 27 231
1.224393606185913 28 231
1.276660442352295 29 231
1.3275914192199707 30 231
1.3786633014678955 31 277
1.4014427661895752 32 296
1.4228835105895996 33 298
1.442770004272461 34 298
1.4627046585083008 35 311
1.4834120273590088 36 311
1.5032539367675781 37 311
1.522623062133789 38 311
1.5432279109954834 39 311
1.5643396377563477 40 311
1.5842719078063965 41 311
1.6046535968780518 42 311
1.624654769897461 43 311
1.6449527740478516 44 311
1.6648757457733154 45 311
1.6852362155914307 46 311
1.7047555446624756 47 311
1.7241754531860352 48 311
1.7451293468475342 49 311
1.7647528648376465 50 311
1.7851147651672363 51 311
1.8047258853912354 52 311
1.824735403060913 53 311
1.8443191051483154 54 311
1.8649053573608398 55 311
1.8857057094573975 56 311
1.906158208847046 57 311
1.9458286762237549 58 311
1.9667882919311523 59 311
1.9870407581329346 60 311
2.006627082824707 61 311
2.026465892791748 62 311
2.04797101020813 63 311
2.0690255165100098 64 311
2.089102029800415 65 311
2.1089069843292236 66 311
2.1288228034973145 67 311
2.148913860321045 68 311
2.1714744567871094 69 311
2.1931662559509277 70 311
2.213193893432617 71 311
2.233008861541748 72 311
2.252884864807129 73 311
2.2724783420562744 74 311
2.29288649559021 75 311
2.315089702606201 76 311
2.3403306007385254 77 311
2.360339641571045 78 311
2.380849599838257 79 311
2.4021098613739014 80 311
2.4236810207366943 81 311
2.444185733795166 82 311
2.464479446411133 83 311
2.4843554496765137 84 311
2.5041632652282715 85 311
2.5245718955993652 86 311
2.545297861099243 87 311
2.566535472869873 88 311
2.5860559940338135 89 311
2.608799457550049 90 311
2.6281914710998535 91 311
2.6489076614379883 92 311
2.6686458587646484 93 311
2.688685417175293 94 311
2.708930253982544 95 311
2.728708028793335 96 311
2.7489960193634033 97 311
2.7684969902038574 98 311
2.7882869243621826 99 311
2.809358835220337 100 311
2.830618143081665 101 311
2.8513166904449463 102 311
2.8721044063568115 103 311
2.8914544582366943 104 311
2.9126319885253906 105 311
2.932178258895874 106 311
2.9523653984069824 107 311
2.9725522994995117 108 311
2.991921901702881 109 311
3.0117428302764893 110 311
3.031066417694092 111 311
3.0526175498962402 112 311
3.0738255977630615 113 311
3.0945024490356445 114 311
3.114719867706299 115 311
3.1348204612731934 116 311
3.1554453372955322 117 311
3.1772801876068115 118 311
3.1976375579833984 119 311
3.2171051502227783 120 311
3.2365524768829346 121 311
3.2559831142425537 122 311
3.278762102127075 123 311
3.2986185550689697 124 311
3.319547653198242 125 311
3.339176654815674 126 311
3.3586065769195557 127 311
3.37862229347229 128 311
3.398728132247925 129 311
3.4197335243225098 130 311
3.439711332321167 131 311
3.459491014480591 132 311
3.4815456867218018 133 311
3.5022189617156982 134 311
3.5226216316223145 135 311
3.541992425918579 136 311
3.5636563301086426 137 311
3.585172176361084 138 311
3.6051363945007324 139 311
3.626530170440674 140 311
3.64652419090271 141 311
3.667149543762207 142 311
3.6879541873931885 143 311
3.7076141834259033 144 311
3.728278636932373 145 311
3.74849009513855 146 311
3.7685370445251465 147 311
3.7881805896759033 148 311
3.8081514835357666 149 311
3.8283092975616455 150 311
3.8481361865997314 151 311
3.868227243423462 152 311
3.8887202739715576 153 311
3.909118413925171 154 311
3.9287333488464355 155 311
3.9479830265045166 156 311
3.967827320098877 157 311
3.987833261489868 158 311
4.008331298828125 159 311
4.028496742248535 160 311
4.049547910690308 161 311
4.070511341094971 162 311
4.091149091720581 163 311
4.111008644104004 164 311
4.1312947273254395 165 311
4.150951862335205 166 311
4.173681735992432 167 311
4.19504189491272 168 311
4.2151806354522705 169 311
4.23538064956665 170 311
4.255969524383545 171 311
4.278124570846558 172 311
4.298450946807861 173 311
4.319163084030151 174 311
4.339964866638184 175 311
4.360300064086914 176 311
4.381426572799683 177 311
4.401731729507446 178 311
4.423267364501953 179 311
4.442824840545654 180 311
4.462610721588135 181 311
4.483809232711792 182 311
4.50388765335083 183 311
4.52353310585022 184 311
4.54429817199707 185 311
4.565734624862671 186 311
4.586686372756958 187 311
4.606867790222168 188 311
4.629132986068726 189 311
4.648776531219482 190 311
4.668645858764648 191 311
4.68959379196167 192 311
4.70932936668396 193 311
4.729464530944824 194 311
4.751499176025391 195 311
4.772284984588623 196 311
4.792541265487671 197 311
4.812260389328003 198 311
4.835344552993774 199 311
4.856406927108765 200 311
4.876673460006714 201 311
4.897706747055054 202 311
4.91814923286438 203 311
4.937596082687378 204 311
4.957167387008667 205 311
4.977976560592651 206 311
4.998207092285156 207 311
5.017869710922241 208 311
5.037385940551758 209 311
5.059366226196289 210 311
5.08014440536499 211 311
5.101172924041748 212 311
5.121994733810425 213 311
5.141848802566528 214 311
5.16212010383606 215 311
5.1846702098846436 216 311
5.205149173736572 217 311
5.224912405014038 218 311
5.2446582317352295 219 311
5.26428747177124 220 311
5.284676790237427 221 311
5.305644273757935 222 311
5.325855731964111 223 311
5.3457396030426025 224 311
5.3657636642456055 225 311
5.386566877365112 226 311
5.406980276107788 227 311
5.42793869972229 228 311
5.448301315307617 229 311
5.468460559844971 230 311
5.498648643493652 231 311
5.5196521282196045 232 311
5.539680480957031 233 311
5.56876540184021 234 311
5.5902392864227295 235 311
5.610780239105225 236 311
5.631947994232178 237 311
5.652978420257568 238 311
5.673818588256836 239 311
5.694424152374268 240 311
5.71593451499939 241 311
5.735919952392578 242 311
5.756117105484009 243 311
5.775979042053223 244 311
5.797273874282837 245 311
5.8172767162323 246 311
5.83727765083313 247 311
5.857172966003418 248 311
5.878050804138184 249 311
5.898199796676636 250 311
5.9186906814575195 251 311
5.9399659633636475 252 311
5.960031270980835 253 311
5.979757070541382 254 311
6.000826358795166 255 311
6.020758628845215 256 311
6.0416882038116455 257 311
6.062841415405273 258 311
6.085503101348877 259 311
6.106826543807983 260 311
6.12780237197876 261 311
6.148319721221924 262 311
6.169070720672607 263 311
6.19318699836731 264 311
6.214106559753418 265 311
6.234367370605469 266 311
6.254029750823975 267 311
6.274707794189453 268 311
6.295483827590942 269 311
6.3165037631988525 270 311
6.3373048305511475 271 311
6.357686758041382 272 311
6.37862753868103 273 311
6.39859414100647 274 311
6.420459985733032 275 311
6.44060492515564 276 311
6.460886478424072 277 311
6.481036424636841 278 311
6.500864744186401 279 311
6.521443843841553 280 311
6.542811632156372 281 311
6.565087556838989 282 311
6.586133718490601 283 311
6.607264518737793 284 311
6.628199815750122 285 311
6.6518025398254395 286 311
6.672919273376465 287 311
6.69280481338501 288 311
6.712589502334595 289 311
6.73340368270874 290 311
6.753589630126953 291 311
6.7735278606414795 292 311
6.794464111328125 293 311
6.8149659633636475 294 311
6.835946559906006 295 311
6.857810020446777 296 311
6.878435134887695 297 311
6.899258375167847 298 311
6.919782638549805 299 311
6.940623760223389 300 311
6.961273431777954 301 311
6.98141622543335 302 311
7.002213478088379 303 311
7.022331237792969 304 311
7.042173147201538 305 311
7.064136028289795 306 311
7.086009979248047 307 311
7.106594562530518 308 311
7.127124071121216 309 311
7.147568464279175 310 311
7.170053243637085 311 311
7.191493511199951 312 311
7.213227272033691 313 311
7.233445882797241 314 311
7.25447154045105 315 311
7.274656772613525 316 311
7.294749736785889 317 311
7.3151984214782715 318 311
7.33580756187439 319 311
7.356449842453003 320 311
7.3769659996032715 321 311
7.396844863891602 322 311
7.420567512512207 323 311
7.441784858703613 324 311
7.462196588516235 325 311
7.482598543167114 326 311
7.503782272338867 327 311
7.523893117904663 328 311
7.5462305545806885 329 311
7.567125558853149 330 311
7.587270736694336 331 311
7.607627630233765 332 311
7.628634929656982 333 311
7.648353815078735 334 311
7.668731212615967 335 311
7.688761234283447 336 311
7.708889007568359 337 311
7.728899955749512 338 311
7.749158143997192 339 311
7.7698705196380615 340 311
7.790751934051514 341 311
7.810610294342041 342 311
7.831028699874878 343 311
7.8506152629852295 344 311
7.8708038330078125 345 311
7.891484975814819 346 311
7.912367105484009 347 311
7.93238377571106 348 311
7.953303098678589 349 311
7.973865747451782 350 311
7.994681119918823 351 311
8.018120288848877 352 311
8.038422346115112 353 311
8.061037063598633 354 311
8.081478118896484 355 311
8.10277271270752 356 311
8.124109268188477 357 311
8.144593954086304 358 311
8.165130376815796 359 311
8.189208745956421 360 311
8.209741830825806 361 311
8.230640888214111 362 311
8.250463247299194 363 311
8.271161317825317 364 311
8.293702840805054 365 311
8.314337968826294 366 311
8.334701538085938 367 311
8.35546350479126 368 311
8.376286506652832 369 311
8.396930932998657 370 311
8.418511390686035 371 311
8.438652992248535 372 311
8.45889925956726 373 311
8.479124307632446 374 311
8.499998092651367 375 311
8.520315647125244 376 311
8.542882919311523 377 311
8.564873933792114 378 311
8.586212873458862 379 311
8.607861280441284 380 311
8.629407167434692 381 311
8.65085768699646 382 311
8.674998998641968 383 311
8.696157455444336 384 311
8.716413736343384 385 311
8.736956357955933 386 311
8.75766921043396 387 311
8.780307292938232 388 311
8.801125049591064 389 311
8.820749759674072 390 311
8.842812776565552 391 311
8.867029905319214 392 311
8.889035701751709 393 311
8.910385131835938 394 311
8.930991411209106 395 311
8.952380418777466 396 311
8.973236083984375 397 311
8.993497848510742 398 311
9.01395583152771 399 311
9.035004377365112 400 311
9.056508779525757 401 311
9.077803373336792 402 311
9.099170923233032 403 311
9.120026350021362 404 311
9.141151189804077 405 311
9.162100791931152 406 311
9.185405731201172 407 311
9.20601773262024 408 311
9.226379871368408 409 311
9.246367454528809 410 311
9.267182111740112 411 311
9.28803539276123 412 311
9.308332920074463 413 311
9.328664541244507 414 311
9.348638534545898 415 311
9.36933708190918 416 311
9.390824794769287 417 311
9.412019491195679 418 311
9.433188199996948 419 311
9.45339298248291 420 311
9.473690032958984 421 311
9.49409556388855 422 311
9.514026165008545 423 311
9.534752607345581 424 311
9.556562423706055 425 311
9.577409982681274 426 311
9.597542762756348 427 311
9.618607759475708 428 311
9.639081001281738 429 311
9.659755229949951 430 311
9.67986273765564 431 311
9.701049566268921 432 311
9.721750497817993 433 311
9.74179458618164 434 311
9.764397144317627 435 311
9.784772634506226 436 311
9.805423498153687 437 311
9.824921607971191 438 311
9.845394611358643 439 311
9.866674184799194 440 311
9.886645317077637 441 311
9.90733528137207 442 311
9.927550792694092 443 311
9.94815707206726 444 311
9.967895030975342 445 311
9.988111734390259 446 311
